camera_matrix:
- - 1334.9868513690865
  - 0.0
  - 622.2672657261761
- - 0.0
  - 1337.9335009091344
  - 446.9092039233944
- - 0.0
  - 0.0
  - 1.0
dist_coeff:
- - 0.27312388382391667
  - -1.7988531469419065
  - 8.820581590492323e-05
  - 0.0022275957207458503
  - 3.6248196212380726
new_camera_matrix:
- - 1350.884033203125
  - 0.0
  - 624.379507176498
- - 0.0
  - 1351.9644775390625
  - 447.09764790904956
- - 0.0
  - 0.0
  - 1.0