camera_matrix:
- - 1335.0734655618955
  - 0.0
  - 622.2434201430922
- - 0.0
  - 1338.0184002409492
  - 446.90744009487804
- - 0.0
  - 0.0
  - 1.0
dist_coeff:
- - 0.2728303354671158
  - -1.7957325062092493
  - 9.245115141574724e-05
  - 0.0022317414984037217
  - 3.616880931413184
